# oST version 5.0 parameters


[image]

width
640

height
480

[narrow_stereo]

camera matrix
805.138907 0.000000 342.313387
0.000000 808.966357 252.298795
0.000000 0.000000 1.000000

distortion
-0.025968 0.059959 0.003876 0.002257 0.000000

rectification
1.000000 0.000000 0.000000
0.000000 1.000000 0.000000
0.000000 0.000000 1.000000

projection
803.105530 0.000000 342.758677 0.000000
0.000000 806.488464 252.899475 0.000000
0.000000 0.000000 1.000000 0.000000
